-7.226530018584753634e-04
-1.117751965665547687e-03
-1.726896033289904153e-03
-2.664770860462795099e-03
-4.106345185419968402e-03
-6.316591685134653744e-03
-9.690124564620816727e-03
-1.479099318969190335e-02
-2.234057404237432820e-02
-3.296988344221318812e-02
-4.636441731337015426e-02
-6.009996027809449970e-02
-7.060394301893069269e-02
-7.605324040148886411e-02
-7.677634661254018056e-02
-7.386928587412100455e-02
-6.838494469928235731e-02
-6.115484745324373250e-02
-5.282623915980577678e-02
-4.393343268241411970e-02
-3.495456435946486806e-02
-2.634383033038290023e-02
-1.853642794893772816e-02
-1.192293184520210048e-02
-6.791818479193523217e-03
-3.251201349161902954e-03
-1.167395134267223966e-03
-1.820986928819934292e-04
1.568753785647913901e-04
2.177362672881599792e-04
