-9.000000000000000000e+01
-8.315789473684210975e+01
-7.631578947368420529e+01
-6.947368421052631504e+01
-6.263157894736842479e+01
-5.578947368421052744e+01
-4.894736842105263008e+01
-4.210526315789473983e+01
-3.526315789473684248e+01
-2.842105263157894512e+01
-2.157894736842105488e+01
-1.473684210526316463e+01
-7.894736842105260166e+00
-1.052631578947369917e+00
5.789473684210520332e+00
1.263157894736842479e+01
1.947368421052631504e+01
2.631578947368420529e+01
3.315789473684210975e+01
4.000000000000000000e+01
